
-10.0 0 -13.384
200
1
-0.1 0 0 0 0 1.8848 0
2
1
1
10.0 0 -13.384
200
1
0.1 0 0 0 0 1.8848 0
2
1
1
0 0 -13.384
200
2
0 0 0 0 0 1.4 0
-3 0 0.8 -0.5 0 1 6000
2
1
1
9 0 -14.5
150
3
0 0 -3 -1 0 5 0
-1 0 6 -3 0 3 3000
0 0 0 0 0 0 8000
3
0
0
0
-9 0 -14.5
150
3
0 0 -3 1 0 5 2000
1 0 6 3 0 3 5000
0 0 0 0 0 0 10000
3
0
0
0
-14.5 0 -14.5
25
1
0 0 0 13.264 0 3.532 0
5
1
1
1
1
1
14.5 0 -12
25
1
0 0 0 -13.264 0 3.532 0
5
1
1
1
1
1
-13.216 0 -12.6
250
5
0 0 0 4.44267 0 1.116 0
0 0 0 -3.78267 0 0.570667 6000
0 0 0 2.82667 0 -1.27867 12000
0 0 0 2.448 0 2.124 18000
0 0 0 -2.98057 0 1.128 22000
4
0
1
0
1
-13.776 0 13.72
25
4
0 0 0 0.319995 0 -236.479 10000
0 0 0 2.53176 0 0.815687 10100
0 0 0 -1.76976 0 4.40976 15200
0 0 0 2.41574 0 1.4177 19300
1
1
13.552 0 13.608
175
7
0 0 0 39.9199 0 -234.399 18000
0 0 0 -0.636097 0 0.731707 18100
0 0 0 -2.03903 0 1.10829 22200
0 0 0 2.6102 0 1.14824 26300
0 0 0 1.20381 0 -1.71048 31400
0 0 0 -5.36762 0 4.62096 33500
0 0 0 4.95483 0 4.29161 35600
3
1
1
0
13.776 0 13.776
125
7
0 0 0 40.2398 0 -236.959 13000
0 0 0 -110.321 0 2.40002 13100
0 0 0 2.97548 0 3.23097 13200
0 0 0 -3.72903 0 0.655484 16299
0 0 0 4.65548 0 2.12645 19400
0 0 0 -2.4419 0 3.93524 22500
0 0 0 4.06095 0 4.23619 24600
5
0
0
0
1
1
-13.44 0 13.72
25
8
0 0 0 0.240001 0 -235.359 28000
0 0 0 80.2397 0 1.44 28100
0 0 0 5.32191 0 2.39619 28200
0 0 0 -0.867451 0 1.55451 30300
0 0 0 6.26667 0 2.58286 35400
0 0 0 -0.788572 0 1.79048 37500
0 0 0 2.23619 0 4.02285 39600
0 0 0 -0.445715 0 3.65334 41700
3
1
1
1
13.328 0 13.776
25
4
0 0 0 41.8398 0 -236.399 17000
0 0 0 -1.04941 0 0.608627 17100
0 0 0 -2.06634 0 3.39122 22200
0 0 0 3.39317 0 3.21756 26300
3
0
1
0
13.72 0 13.664
125
7
0 0 0 40.7198 0 -233.759 21000
0 0 0 -85.6797 0 -1.19999 21100
0 0 0 3.23355 0 3.47613 21200
0 0 0 0.0439217 0 2.09569 24300
0 0 0 -0.831219 0 -2.78439 29400
0 0 0 -1.73161 0 1.87355 33500
0 0 0 7.09817 0 16.6181 36600
5
1
0
0
0
1
